%parameters
B1 = 0;
M1 = 50; 
K1 = 160000;
B2 = 1500;
M2 = 250 ;
K2 = 16000;
A = 10;
B= 10;
C = 4444;
